{
  "strategies": {
    "QgwrvzhG0qZWnd6o88vb": {
      "sharpe": 2.241,
      "annret": 107.6,
      "maxdd": 24.83,
      "name": "01 s90 50/40 maxDD (190/40 s10-18-1"
    },
    "qjRIwrAOA1YzFSghM08b": {
      "sharpe": 4.668,
      "annret": 225.5,
      "maxdd": 7.83,
      "name": "Sisyphus V0.0 (291,7,2022) (Invest "
    },
    "F5raZUZDJvTXjebUJL5F": {
      "sharpe": 5.089,
      "annret": 317.3,
      "maxdd": 7.06,
      "name": "Extended OOS Outliers (FNGG)"
    },
    "zIMBF3ElL1diBeqo9eg4": {
      "sharpe": 5.083,
      "annret": 361.4,
      "maxdd": 13.61,
      "name": "NOVA | Best Leverage Mashup w/Vol C"
    },
    "tl1q8vb2RJn0JjiU0r1p": {
      "sharpe": 4.335,
      "annret": 104.0,
      "maxdd": 6.93,
      "name": "Custom Sisyphus_Pareto_01s90_Nova"
    },
    "AovaMdzTlvbiMAqYmr9O": {
      "sharpe": 1.578,
      "annret": 111.1,
      "maxdd": 47.98,
      "name": "The Holy Grail (Buy Copy)"
    },
    "1nCprFAGFjwxc8l3LkxB": {
      "sharpe": 2.98,
      "annret": 23.0,
      "maxdd": 4.04,
      "name": "v2 | Community Discovery Symphony |"
    },
    "WWiTA6zVImitDqgoGu85": {
      "sharpe": 4.77,
      "annret": 83.3,
      "maxdd": 3.9,
      "name": "Uncorrelated Outliers | FM removed "
    }
  },
  "ids": [
    "QgwrvzhG0qZWnd6o88vb",
    "qjRIwrAOA1YzFSghM08b",
    "F5raZUZDJvTXjebUJL5F",
    "zIMBF3ElL1diBeqo9eg4",
    "tl1q8vb2RJn0JjiU0r1p",
    "AovaMdzTlvbiMAqYmr9O",
    "1nCprFAGFjwxc8l3LkxB",
    "WWiTA6zVImitDqgoGu85"
  ],
  "normal_corr": [
    [
      1.0,
      0.4944,
      0.5321,
      0.5543,
      0.7777,
      0.6889,
      0.4951,
      0.5907
    ],
    [
      0.4944,
      1.0,
      0.7652,
      0.7003,
      0.6595,
      0.5089,
      0.7421,
      0.717
    ],
    [
      0.5321,
      0.7652,
      1.0,
      0.7218,
      0.7044,
      0.5578,
      0.663,
      0.8597
    ],
    [
      0.5543,
      0.7003,
      0.7218,
      1.0,
      0.7758,
      0.5754,
      0.5781,
      0.7122
    ],
    [
      0.7777,
      0.6595,
      0.7044,
      0.7758,
      1.0,
      0.7144,
      0.6623,
      0.6878
    ],
    [
      0.6889,
      0.5089,
      0.5578,
      0.5754,
      0.7144,
      1.0,
      0.46,
      0.6337
    ],
    [
      0.4951,
      0.7421,
      0.663,
      0.5781,
      0.6623,
      0.46,
      1.0,
      0.6391
    ],
    [
      0.5907,
      0.717,
      0.8597,
      0.7122,
      0.6878,
      0.6337,
      0.6391,
      1.0
    ]
  ],
  "stress_corr": [
    [
      1.0,
      0.0444,
      0.0272,
      -0.0684,
      0.5077,
      0.0687,
      0.1516,
      0.1478
    ],
    [
      0.0444,
      1.0,
      0.9241,
      0.4376,
      0.3692,
      -0.0279,
      0.5025,
      0.7554
    ],
    [
      0.0272,
      0.9241,
      1.0,
      0.2625,
      0.2301,
      -0.0428,
      0.4851,
      0.8042
    ],
    [
      -0.0684,
      0.4376,
      0.2625,
      1.0,
      0.6595,
      0.0576,
      0.0916,
      0.2193
    ],
    [
      0.5077,
      0.3692,
      0.2301,
      0.6595,
      1.0,
      0.4416,
      0.4589,
      0.3238
    ],
    [
      0.0687,
      -0.0279,
      -0.0428,
      0.0576,
      0.4416,
      1.0,
      0.5801,
      0.1204
    ],
    [
      0.1516,
      0.5025,
      0.4851,
      0.0916,
      0.4589,
      0.5801,
      1.0,
      0.5927
    ],
    [
      0.1478,
      0.7554,
      0.8042,
      0.2193,
      0.3238,
      0.1204,
      0.5927,
      1.0
    ]
  ],
  "weighted_corr": [
    [
      1.0,
      0.3144,
      0.3301,
      0.3052,
      0.6697,
      0.4408,
      0.3577,
      0.4135
    ],
    [
      0.3144,
      1.0,
      0.8288,
      0.5952,
      0.5434,
      0.2942,
      0.6463,
      0.7324
    ],
    [
      0.3301,
      0.8288,
      1.0,
      0.5381,
      0.5147,
      0.3176,
      0.5918,
      0.8375
    ],
    [
      0.3052,
      0.5952,
      0.5381,
      1.0,
      0.7293,
      0.3683,
      0.3835,
      0.515
    ],
    [
      0.6697,
      0.5434,
      0.5147,
      0.7293,
      1.0,
      0.6053,
      0.5809,
      0.5422
    ],
    [
      0.4408,
      0.2942,
      0.3176,
      0.3683,
      0.6053,
      1.0,
      0.508,
      0.4284
    ],
    [
      0.3577,
      0.6463,
      0.5918,
      0.3835,
      0.5809,
      0.508,
      1.0,
      0.6205
    ],
    [
      0.4135,
      0.7324,
      0.8375,
      0.515,
      0.5422,
      0.4284,
      0.6205,
      1.0
    ]
  ],
  "common_days": 445,
  "stress_days": 45,
  "normal_days": 400,
  "start": "2023-03-24",
  "end": "2024-12-31",
  "excluded": [
    "l5V3Ky6kzoVuibAqYtJU"
  ],
  "excluded_reason": "Giga-Symph only starts 2023-09-19, too short for robust estimates",
  "dd_corr_full": [
    [
      1.0,
      -0.0834,
      -0.0633,
      -0.0827,
      0.1972,
      0.573,
      0.0715,
      -0.0256
    ],
    [
      -0.0834,
      1.0,
      0.5954,
      0.4888,
      0.5452,
      0.0744,
      0.5312,
      0.5622
    ],
    [
      -0.0633,
      0.5954,
      1.0,
      0.417,
      0.3801,
      0.1969,
      0.2041,
      0.623
    ],
    [
      -0.0827,
      0.4888,
      0.417,
      1.0,
      0.4981,
      0.2747,
      0.1847,
      0.3147
    ],
    [
      0.1972,
      0.5452,
      0.3801,
      0.4981,
      1.0,
      0.2569,
      0.528,
      0.321
    ],
    [
      0.573,
      0.0744,
      0.1969,
      0.2747,
      0.2569,
      1.0,
      0.0244,
      0.1485
    ],
    [
      0.0715,
      0.5312,
      0.2041,
      0.1847,
      0.528,
      0.0244,
      1.0,
      0.2201
    ],
    [
      -0.0256,
      0.5622,
      0.623,
      0.3147,
      0.321,
      0.1485,
      0.2201,
      1.0
    ]
  ],
  "dd_corr_stress": [
    [
      1.0,
      -0.0712,
      -0.0429,
      -0.2074,
      0.2657,
      0.6808,
      0.0216,
      0.0361
    ],
    [
      -0.0712,
      1.0,
      0.6647,
      0.6625,
      0.4643,
      0.06,
      0.498,
      0.5475
    ],
    [
      -0.0429,
      0.6647,
      1.0,
      0.6783,
      0.4862,
      0.1568,
      -0.0386,
      0.637
    ],
    [
      -0.2074,
      0.6625,
      0.6783,
      1.0,
      0.5104,
      0.1767,
      0.1383,
      0.4023
    ],
    [
      0.2657,
      0.4643,
      0.4862,
      0.5104,
      1.0,
      0.2541,
      0.1563,
      0.4087
    ],
    [
      0.6808,
      0.06,
      0.1568,
      0.1767,
      0.2541,
      1.0,
      -0.0202,
      0.1975
    ],
    [
      0.0216,
      0.498,
      -0.0386,
      0.1383,
      0.1563,
      -0.0202,
      1.0,
      0.2335
    ],
    [
      0.0361,
      0.5475,
      0.637,
      0.4023,
      0.4087,
      0.1975,
      0.2335,
      1.0
    ]
  ],
  "dd_corr_weighted": [
    [
      1.0,
      -0.0795,
      -0.0638,
      -0.1233,
      0.2067,
      0.5971,
      0.0532,
      -0.0187
    ],
    [
      -0.0795,
      1.0,
      0.618,
      0.5424,
      0.5243,
      0.0742,
      0.5211,
      0.5608
    ],
    [
      -0.0638,
      0.618,
      1.0,
      0.4919,
      0.4088,
      0.1795,
      0.1265,
      0.626
    ],
    [
      -0.1233,
      0.5424,
      0.4919,
      1.0,
      0.5013,
      0.2462,
      0.1699,
      0.3384
    ],
    [
      0.2067,
      0.5243,
      0.4088,
      0.5013,
      1.0,
      0.2391,
      0.4107,
      0.3408
    ],
    [
      0.5971,
      0.0742,
      0.1795,
      0.2462,
      0.2391,
      1.0,
      0.0038,
      0.1474
    ],
    [
      0.0532,
      0.5211,
      0.1265,
      0.1699,
      0.4107,
      0.0038,
      1.0,
      0.2237
    ],
    [
      -0.0187,
      0.5608,
      0.626,
      0.3384,
      0.3408,
      0.1474,
      0.2237,
      1.0
    ]
  ],
  "concurrent_dd": [
    [
      1.0,
      0.08502024291497975,
      0.05907172995780591,
      0.13011152416356878,
      0.12053571428571429,
      0.5335365853658537,
      0.0,
      0.013392857142857142
    ],
    [
      0.08502024291497975,
      1.0,
      0.2711864406779661,
      0.30612244897959184,
      0.3392857142857143,
      0.11604095563139932,
      0.0,
      0.0851063829787234
    ],
    [
      0.05907172995780591,
      0.2711864406779661,
      1.0,
      0.16842105263157894,
      0.20833333333333334,
      0.09540636042402827,
      0.0,
      0.1724137931034483
    ],
    [
      0.13011152416356878,
      0.30612244897959184,
      0.16842105263157894,
      1.0,
      0.23333333333333334,
      0.26480836236933797,
      0.0,
      0.04819277108433735
    ],
    [
      0.12053571428571429,
      0.3392857142857143,
      0.20833333333333334,
      0.23333333333333334,
      1.0,
      0.09540636042402827,
      0.0,
      0.0967741935483871
    ],
    [
      0.5335365853658537,
      0.11604095563139932,
      0.09540636042402827,
      0.26480836236933797,
      0.09540636042402827,
      1.0,
      0.0,
      0.017793594306049824
    ],
    [
      0.0,
      0.0,
      0.0,
      0.0,
      0.0,
      0.0,
      0.0,
      0.0
    ],
    [
      0.013392857142857142,
      0.0851063829787234,
      0.1724137931034483,
      0.04819277108433735,
      0.0967741935483871,
      0.017793594306049824,
      0.0,
      1.0
    ]
  ],
  "dd_threshold": -0.03,
  "ret_corr_weighted": [
    [
      1.0,
      0.3152,
      0.33,
      0.3061,
      0.6707,
      0.4412,
      0.3585,
      0.4134
    ],
    [
      0.3152,
      1.0,
      0.8291,
      0.5952,
      0.5433,
      0.2942,
      0.6462,
      0.7328
    ],
    [
      0.33,
      0.8291,
      1.0,
      0.5384,
      0.515,
      0.3176,
      0.5922,
      0.8374
    ],
    [
      0.3061,
      0.5952,
      0.5384,
      1.0,
      0.7293,
      0.3683,
      0.3834,
      0.5155
    ],
    [
      0.6707,
      0.5433,
      0.515,
      0.7293,
      1.0,
      0.6053,
      0.5809,
      0.5426
    ],
    [
      0.4412,
      0.2942,
      0.3176,
      0.3683,
      0.6053,
      1.0,
      0.5081,
      0.4285
    ],
    [
      0.3585,
      0.6462,
      0.5922,
      0.3834,
      0.5809,
      0.5081,
      1.0,
      0.621
    ],
    [
      0.4134,
      0.7328,
      0.8374,
      0.5155,
      0.5426,
      0.4285,
      0.621,
      1.0
    ]
  ]
}